1138154363
1138102583
1248146728
1248663061
1338126804
1378169616
2208161823
2278112134
3038510724
4178113624
6038520160
6098175520
5048700575
5348800350
5138114498
3048127235
1048640161
1058602802
5028180149
5028198620
5058152701
5688601173
1068177204
1048150311
2208115635
3128103025
1058767627
5048162507
2158693463
8998700212
1338126804
1968600116
1448106429
4028609481
1138102583
1058779900
1018611764
2148889878
1058744546
2298127797
1108145244
2648138415
1058779797
1198624275
2208145181
2018606412
1388148477
2208197336
1018668364
3148637230
2018157518
1058782685
2208839602
6098800498
2648136208
2588600597
5748800585
1018663689
2298103214
1058768397
1288640279
6218130504
1208824018
1058793294
1058777542
6208600318
1318180286
1058800472
1728800680
1178190115
1058692788
3068600523
1018142433
1198145940
7758101311
1178129702
8508100476
2208113603
6178616037
2148888281
1058748635
1058795609
1208602330
1188122060
2068690860
1108601163
5598700560
1018651015
1028140272
6098100261
6518600933
1058617789
1048137225
8078100337
1358628180
1448118100
6758600133
2118886469
1048610672
2048640118
1108177974
3978700206
3148114800
1118128082
